(kicad_pcb (version 20171130) (host pcbnew 5.0.1-33cea8e~68~ubuntu18.04.1)

  (general
    (thickness 1.6)
    (drawings 25)
    (tracks 1326)
    (zones 0)
    (modules 63)
    (nets 124)
  )

  (page A4)
  (layers
    (0 F.Cu signal)
    (31 B.Cu signal)
    (32 B.Adhes user)
    (33 F.Adhes user)
    (34 B.Paste user)
    (35 F.Paste user)
    (36 B.SilkS user)
    (37 F.SilkS user)
    (38 B.Mask user)
    (39 F.Mask user)
    (40 Dwgs.User user)
    (41 Cmts.User user)
    (42 Eco1.User user)
    (43 Eco2.User user)
    (44 Edge.Cuts user)
    (45 Margin user)
    (46 B.CrtYd user)
    (47 F.CrtYd user)
    (48 B.Fab user hide)
    (49 F.Fab user hide)
  )

  (setup
    (last_trace_width 0.2032)
    (trace_clearance 0.2032)
    (zone_clearance 0.1778)
    (zone_45_only no)
    (trace_min 0.2032)
    (segment_width 0.2)
    (edge_width 0.15)
    (via_size 0.762)
    (via_drill 0.4064)
    (via_min_size 0.4064)
    (via_min_drill 0.3048)
    (uvia_size 0.3)
    (uvia_drill 0.1)
    (uvias_allowed no)
    (uvia_min_size 0.2)
    (uvia_min_drill 0.1)
    (pcb_text_width 0.3)
    (pcb_text_size 1.5 1.5)
    (mod_edge_width 0.15)
    (mod_text_size 1 1)
    (mod_text_width 0.15)
    (pad_size 1.524 1.524)
    (pad_drill 0.762)
    (pad_to_mask_clearance 0.0508)
    (solder_mask_min_width 0.1524)
    (aux_axis_origin 0 0)
    (visible_elements FFFFFF7F)
    (pcbplotparams
      (layerselection 0x010fc_ffffffff)
      (usegerberextensions false)
      (usegerberattributes false)
      (usegerberadvancedattributes false)
      (creategerberjobfile false)
      (excludeedgelayer true)
      (linewidth 0.100000)
      (plotframeref false)
      (viasonmask false)
      (mode 1)
      (useauxorigin false)
      (hpglpennumber 1)
      (hpglpenspeed 20)
      (hpglpendiameter 15.000000)
      (psnegative false)
      (psa4output false)
      (plotreference true)
      (plotvalue true)
      (plotinvisibletext false)
      (padsonsilk false)
      (subtractmaskfromsilk false)
      (outputformat 1)
      (mirror false)
      (drillshape 1)
      (scaleselection 1)
      (outputdirectory ""))
  )

  (net 0 "")
  (net 1 /nCS)
  (net 2 /IO1)
  (net 3 /IO2)
  (net 4 GND)
  (net 5 /IO0)
  (net 6 /SCLK)
  (net 7 /IO3)
  (net 8 VCC)
  (net 9 "Net-(C9-Pad2)")
  (net 10 "Net-(C11-Pad2)")
  (net 11 "Net-(C5-Pad2)")
  (net 12 "Net-(C6-Pad2)")
  (net 13 /nRESET)
  (net 14 "Net-(C3-Pad1)")
  (net 15 /USB0_D-)
  (net 16 /USB0_D+)
  (net 17 /SD_D0)
  (net 18 /USB1_D-)
  (net 19 /USB1_D+)
  (net 20 /SWDIO)
  (net 21 "Net-(C2-Pad1)")
  (net 22 /SWCLK)
  (net 23 /SD_CK)
  (net 24 /SD_CMD)
  (net 25 /BOOT)
  (net 26 "Net-(Y2-Pad2)")
  (net 27 "Net-(Y2-Pad3)")
  (net 28 "Net-(Y1-Pad2)")
  (net 29 "Net-(Y1-Pad4)")
  (net 30 "Net-(J3-Pad4)")
  (net 31 "Net-(J2-Pad4)")
  (net 32 "Net-(J1-Pad8)")
  (net 33 "Net-(J1-Pad2)")
  (net 34 "Net-(J1-Pad1)")
  (net 35 "Net-(J8-Pad3)")
  (net 36 "Net-(J8-Pad4)")
  (net 37 "Net-(J8-Pad2)")
  (net 38 /PE2)
  (net 39 /PE3)
  (net 40 /PE4)
  (net 41 /PE5)
  (net 42 /PE6)
  (net 43 /PC13)
  (net 44 /PC0)
  (net 45 /PC2)
  (net 46 /PC3)
  (net 47 /PA0)
  (net 48 /PA3)
  (net 49 /PA4)
  (net 50 /PA6)
  (net 51 /PC5)
  (net 52 /PB0)
  (net 53 /PB1)
  (net 54 /PE11)
  (net 55 /PE12)
  (net 56 /PE13)
  (net 57 /PE14)
  (net 58 /PE15)
  (net 59 /PB10)
  (net 60 /PD8)
  (net 61 /PD9)
  (net 62 /PD10)
  (net 63 /PD11)
  (net 64 /PD12)
  (net 65 /PD13)
  (net 66 /PD14)
  (net 67 /PD15)
  (net 68 /PC6)
  (net 69 /PC7)
  (net 70 /PC9)
  (net 71 /PA8)
  (net 72 /PA9)
  (net 73 /PA10)
  (net 74 /PA15)
  (net 75 /PC10)
  (net 76 /PD0)
  (net 77 /PD1)
  (net 78 /PD3)
  (net 79 /PD4)
  (net 80 /PD5)
  (net 81 /PD6)
  (net 82 /PD7)
  (net 83 /PB3)
  (net 84 /PB4)
  (net 85 /PB5)
  (net 86 /PB6)
  (net 87 /PB7)
  (net 88 /PB8)
  (net 89 /PB9)
  (net 90 /PE0)
  (net 91 /PE1)
  (net 92 +5V)
  (net 93 "Net-(D1-Pad2)")
  (net 94 "Net-(D2-Pad2)")
  (net 95 "Net-(R7-Pad2)")
  (net 96 /ENET_MDC)
  (net 97 "Net-(C19-Pad2)")
  (net 98 /ENET_MDIO)
  (net 99 /ENET_TXD1)
  (net 100 /ENET_TXD0)
  (net 101 /ENET_TXEN)
  (net 102 /ENET_RXD0)
  (net 103 /ENET_CRSDV)
  (net 104 /ENET_RXD1)
  (net 105 /ENET_CLK)
  (net 106 "Net-(C20-Pad2)")
  (net 107 /ETH_RX-)
  (net 108 /ETH_RX+)
  (net 109 /ETH_TX-)
  (net 110 /ETH_TX+)
  (net 111 "Net-(U4-Pad7)")
  (net 112 "Net-(U4-Pad16)")
  (net 113 "Net-(U4-Pad17)")
  (net 114 "Net-(U4-Pad18)")
  (net 115 /ETH_LED)
  (net 116 /PC4)
  (net 117 /PA1)
  (net 118 /PA7)
  (net 119 /PA5)
  (net 120 /PB13)
  (net 121 /PB12)
  (net 122 /PB11)
  (net 123 "Net-(R13-Pad1)")

  (net_class Default "This is the default net class."
    (clearance 0.2032)
    (trace_width 0.2032)
    (via_dia 0.762)
    (via_drill 0.4064)
    (uvia_dia 0.3)
    (uvia_drill 0.1)
    (diff_pair_gap 0.2032)
    (diff_pair_width 0.2032)
    (add_net +5V)
    (add_net /BOOT)
    (add_net /ENET_CLK)
    (add_net /ENET_CRSDV)
    (add_net /ENET_MDC)
    (add_net /ENET_MDIO)
    (add_net /ENET_RXD0)
    (add_net /ENET_RXD1)
    (add_net /ENET_TXD0)
    (add_net /ENET_TXD1)
    (add_net /ENET_TXEN)
    (add_net /ETH_LED)
    (add_net /ETH_RX+)
    (add_net /ETH_RX-)
    (add_net /ETH_TX+)
    (add_net /ETH_TX-)
    (add_net /IO0)
    (add_net /IO1)
    (add_net /IO2)
    (add_net /IO3)
    (add_net /PA0)
    (add_net /PA1)
    (add_net /PA10)
    (add_net /PA15)
    (add_net /PA3)
    (add_net /PA4)
    (add_net /PA5)
    (add_net /PA6)
    (add_net /PA7)
    (add_net /PA8)
    (add_net /PA9)
    (add_net /PB0)
    (add_net /PB1)
    (add_net /PB10)
    (add_net /PB11)
    (add_net /PB12)
    (add_net /PB13)
    (add_net /PB3)
    (add_net /PB4)
    (add_net /PB5)
    (add_net /PB6)
    (add_net /PB7)
    (add_net /PB8)
    (add_net /PB9)
    (add_net /PC0)
    (add_net /PC10)
    (add_net /PC13)
    (add_net /PC2)
    (add_net /PC3)
    (add_net /PC4)
    (add_net /PC5)
    (add_net /PC6)
    (add_net /PC7)
    (add_net /PC9)
    (add_net /PD0)
    (add_net /PD1)
    (add_net /PD10)
    (add_net /PD11)
    (add_net /PD12)
    (add_net /PD13)
    (add_net /PD14)
    (add_net /PD15)
    (add_net /PD3)
    (add_net /PD4)
    (add_net /PD5)
    (add_net /PD6)
    (add_net /PD7)
    (add_net /PD8)
    (add_net /PD9)
    (add_net /PE0)
    (add_net /PE1)
    (add_net /PE11)
    (add_net /PE12)
    (add_net /PE13)
    (add_net /PE14)
    (add_net /PE15)
    (add_net /PE2)
    (add_net /PE3)
    (add_net /PE4)
    (add_net /PE5)
    (add_net /PE6)
    (add_net /SCLK)
    (add_net /SD_CK)
    (add_net /SD_CMD)
    (add_net /SD_D0)
    (add_net /SWCLK)
    (add_net /SWDIO)
    (add_net /USB0_D+)
    (add_net /USB0_D-)
    (add_net /USB1_D+)
    (add_net /USB1_D-)
    (add_net /nCS)
    (add_net /nRESET)
    (add_net GND)
    (add_net "Net-(C11-Pad2)")
    (add_net "Net-(C19-Pad2)")
    (add_net "Net-(C2-Pad1)")
    (add_net "Net-(C20-Pad2)")
    (add_net "Net-(C3-Pad1)")
    (add_net "Net-(C5-Pad2)")
    (add_net "Net-(C6-Pad2)")
    (add_net "Net-(C9-Pad2)")
    (add_net "Net-(D1-Pad2)")
    (add_net "Net-(D2-Pad2)")
    (add_net "Net-(J1-Pad1)")
    (add_net "Net-(J1-Pad2)")
    (add_net "Net-(J1-Pad8)")
    (add_net "Net-(J2-Pad4)")
    (add_net "Net-(J3-Pad4)")
    (add_net "Net-(J8-Pad2)")
    (add_net "Net-(J8-Pad3)")
    (add_net "Net-(J8-Pad4)")
    (add_net "Net-(R13-Pad1)")
    (add_net "Net-(R7-Pad2)")
    (add_net "Net-(U4-Pad16)")
    (add_net "Net-(U4-Pad17)")
    (add_net "Net-(U4-Pad18)")
    (add_net "Net-(U4-Pad7)")
    (add_net "Net-(Y1-Pad2)")
    (add_net "Net-(Y1-Pad4)")
    (add_net "Net-(Y2-Pad2)")
    (add_net "Net-(Y2-Pad3)")
    (add_net VCC)
  )

  (module Resistor_SMD:R_2010_5025Metric (layer F.Cu) (tedit 5B301BBD) (tstamp 5BEB4ECB)
    (at 72.2503 85.1789)
    (descr "Resistor SMD 2010 (5025 Metric), square (rectangular) end terminal, IPC_7351 nominal, (Body size source: http://www.tortai-tech.com/upload/download/2011102023233369053.pdf), generated with kicad-footprint-generator")
    (tags resistor)
    (path /5BEEDF59)
    (attr smd)
    (fp_text reference R15 (at 0 -2.28) (layer F.SilkS)
      (effects (font (size 1 1) (thickness 0.15)))
    )
    (fp_text value 22R (at 0 2.28) (layer F.Fab)
      (effects (font (size 1 1) (thickness 0.15)))
    )
    (fp_line (start -2.5 1.25) (end -2.5 -1.25) (layer F.Fab) (width 0.1))
    (fp_line (start -2.5 -1.25) (end 2.5 -1.25) (layer F.Fab) (width 0.1))
    (fp_line (start 2.5 -1.25) (end 2.5 1.25) (layer F.Fab) (width 0.1))
    (fp_line (start 2.5 1.25) (end -2.5 1.25) (layer F.Fab) (width 0.1))
    (fp_line (start -1.402064 -1.36) (end 1.402064 -1.36) (layer F.SilkS) (width 0.12))
    (fp_line (start -1.402064 1.36) (end 1.402064 1.36) (layer F.SilkS) (width 0.12))
    (fp_line (start -3.18 1.58) (end -3.18 -1.58) (layer F.CrtYd) (width 0.05))
    (fp_line (start -3.18 -1.58) (end 3.18 -1.58) (layer F.CrtYd) (width 0.05))
    (fp_line (start 3.18 -1.58) (end 3.18 1.58) (layer F.CrtYd) (width 0.05))
    (fp_line (start 3.18 1.58) (end -3.18 1.58) (layer F.CrtYd) (width 0.05))
    (fp_text user %R (at 0 0) (layer F.Fab)
      (effects (font (size 1 1) (thickness 0.15)))
    )
    (pad 1 smd roundrect (at -2.25 0) (size 1.35 2.65) (layers F.Cu F.Paste F.Mask) (roundrect_rratio 0.185185)
      (net 123 "Net-(R13-Pad1)"))
    (pad 2 smd roundrect (at 2.25 0) (size 1.35 2.65) (layers F.Cu F.Paste F.Mask) (roundrect_rratio 0.185185)
      (net 103 /ENET_CRSDV))
    (model ${KISYS3DMOD}/Resistor_SMD.3dshapes/R_2010_5025Metric.wrl
      (at (xyz 0 0 0))
      (scale (xyz 1 1 1))
      (rotate (xyz 0 0 0))
    )
  )

  (module Resistor_SMD:R_2010_5025Metric (layer F.Cu) (tedit 5B301BBD) (tstamp 5BEAF2AF)
    (at 71.49084 78.8924 90)
    (descr "Resistor SMD 2010 (5025 Metric), square (rectangular) end terminal, IPC_7351 nominal, (Body size source: http://www.tortai-tech.com/upload/download/2011102023233369053.pdf), generated with kicad-footprint-generator")
    (tags resistor)
    (path /5BED8C48)
    (attr smd)
    (fp_text reference R9 (at 3.79222 -0.0508 180) (layer F.SilkS)
      (effects (font (size 1 1) (thickness 0.15)))
    )
    (fp_text value 22R (at 0 2.28 90) (layer F.Fab)
      (effects (font (size 1 1) (thickness 0.15)))
    )
    (fp_line (start -2.5 1.25) (end -2.5 -1.25) (layer F.Fab) (width 0.1))
    (fp_line (start -2.5 -1.25) (end 2.5 -1.25) (layer F.Fab) (width 0.1))
    (fp_line (start 2.5 -1.25) (end 2.5 1.25) (layer F.Fab) (width 0.1))
    (fp_line (start 2.5 1.25) (end -2.5 1.25) (layer F.Fab) (width 0.1))
    (fp_line (start -1.402064 -1.36) (end 1.402064 -1.36) (layer F.SilkS) (width 0.12))
    (fp_line (start -1.402064 1.36) (end 1.402064 1.36) (layer F.SilkS) (width 0.12))
    (fp_line (start -3.18 1.58) (end -3.18 -1.58) (layer F.CrtYd) (width 0.05))
    (fp_line (start -3.18 -1.58) (end 3.18 -1.58) (layer F.CrtYd) (width 0.05))
    (fp_line (start 3.18 -1.58) (end 3.18 1.58) (layer F.CrtYd) (width 0.05))
    (fp_line (start 3.18 1.58) (end -3.18 1.58) (layer F.CrtYd) (width 0.05))
    (fp_text user %R (at 0 0 90) (layer F.Fab)
      (effects (font (size 1 1) (thickness 0.15)))
    )
    (pad 1 smd roundrect (at -2.25 0 90) (size 1.35 2.65) (layers F.Cu F.Paste F.Mask) (roundrect_rratio 0.185185)
      (net 100 /ENET_TXD0))
    (pad 2 smd roundrect (at 2.25 0 90) (size 1.35 2.65) (layers F.Cu F.Paste F.Mask) (roundrect_rratio 0.185185)
      (net 121 /PB12))
    (model ${KISYS3DMOD}/Resistor_SMD.3dshapes/R_2010_5025Metric.wrl
      (at (xyz 0 0 0))
      (scale (xyz 1 1 1))
      (rotate (xyz 0 0 0))
    )
  )

  (module Resistor_SMD:R_2010_5025Metric (layer F.Cu) (tedit 5B301BBD) (tstamp 5BEAF2EF)
    (at 64.35852 78.96352 90)
    (descr "Resistor SMD 2010 (5025 Metric), square (rectangular) end terminal, IPC_7351 nominal, (Body size source: http://www.tortai-tech.com/upload/download/2011102023233369053.pdf), generated with kicad-footprint-generator")
    (tags resistor)
    (path /5BED8B3A)
    (attr smd)
    (fp_text reference R11 (at 3.937 0.02286 180) (layer F.SilkS)
      (effects (font (size 1 1) (thickness 0.15)))
    )
    (fp_text value 22R (at 0 2.28 90) (layer F.Fab)
      (effects (font (size 1 1) (thickness 0.15)))
    )
    (fp_line (start -2.5 1.25) (end -2.5 -1.25) (layer F.Fab) (width 0.1))
    (fp_line (start -2.5 -1.25) (end 2.5 -1.25) (layer F.Fab) (width 0.1))
    (fp_line (start 2.5 -1.25) (end 2.5 1.25) (layer F.Fab) (width 0.1))
    (fp_line (start 2.5 1.25) (end -2.5 1.25) (layer F.Fab) (width 0.1))
    (fp_line (start -1.402064 -1.36) (end 1.402064 -1.36) (layer F.SilkS) (width 0.12))
    (fp_line (start -1.402064 1.36) (end 1.402064 1.36) (layer F.SilkS) (width 0.12))
    (fp_line (start -3.18 1.58) (end -3.18 -1.58) (layer F.CrtYd) (width 0.05))
    (fp_line (start -3.18 -1.58) (end 3.18 -1.58) (layer F.CrtYd) (width 0.05))
    (fp_line (start 3.18 -1.58) (end 3.18 1.58) (layer F.CrtYd) (width 0.05))
    (fp_line (start 3.18 1.58) (end -3.18 1.58) (layer F.CrtYd) (width 0.05))
    (fp_text user %R (at 0 0 90) (layer F.Fab)
      (effects (font (size 1 1) (thickness 0.15)))
    )
    (pad 1 smd roundrect (at -2.25 0 90) (size 1.35 2.65) (layers F.Cu F.Paste F.Mask) (roundrect_rratio 0.185185)
      (net 102 /ENET_RXD0))
    (pad 2 smd roundrect (at 2.25 0 90) (size 1.35 2.65) (layers F.Cu F.Paste F.Mask) (roundrect_rratio 0.185185)
      (net 116 /PC4))
    (model ${KISYS3DMOD}/Resistor_SMD.3dshapes/R_2010_5025Metric.wrl
      (at (xyz 0 0 0))
      (scale (xyz 1 1 1))
      (rotate (xyz 0 0 0))
    )
  )

  (module Resistor_SMD:R_2010_5025Metric (layer F.Cu) (tedit 5B301BBD) (tstamp 5BEAF2DF)
    (at 60.8711 78.96352 90)
    (descr "Resistor SMD 2010 (5025 Metric), square (rectangular) end terminal, IPC_7351 nominal, (Body size source: http://www.tortai-tech.com/upload/download/2011102023233369053.pdf), generated with kicad-footprint-generator")
    (tags resistor)
    (path /5BEF7025)
    (attr smd)
    (fp_text reference R13 (at 3.9751 0.01778 180) (layer F.SilkS)
      (effects (font (size 1 1) (thickness 0.15)))
    )
    (fp_text value 22R (at 0 2.28 90) (layer F.Fab)
      (effects (font (size 1 1) (thickness 0.15)))
    )
    (fp_text user %R (at 0 0 90) (layer F.Fab)
      (effects (font (size 1 1) (thickness 0.15)))
    )
    (fp_line (start 3.18 1.58) (end -3.18 1.58) (layer F.CrtYd) (width 0.05))
    (fp_line (start 3.18 -1.58) (end 3.18 1.58) (layer F.CrtYd) (width 0.05))
    (fp_line (start -3.18 -1.58) (end 3.18 -1.58) (layer F.CrtYd) (width 0.05))
    (fp_line (start -3.18 1.58) (end -3.18 -1.58) (layer F.CrtYd) (width 0.05))
    (fp_line (start -1.402064 1.36) (end 1.402064 1.36) (layer F.SilkS) (width 0.12))
    (fp_line (start -1.402064 -1.36) (end 1.402064 -1.36) (layer F.SilkS) (width 0.12))
    (fp_line (start 2.5 1.25) (end -2.5 1.25) (layer F.Fab) (width 0.1))
    (fp_line (start 2.5 -1.25) (end 2.5 1.25) (layer F.Fab) (width 0.1))
    (fp_line (start -2.5 -1.25) (end 2.5 -1.25) (layer F.Fab) (width 0.1))
    (fp_line (start -2.5 1.25) (end -2.5 -1.25) (layer F.Fab) (width 0.1))
    (pad 2 smd roundrect (at 2.25 0 90) (size 1.35 2.65) (layers F.Cu F.Paste F.Mask) (roundrect_rratio 0.185185)
      (net 118 /PA7))
    (pad 1 smd roundrect (at -2.25 0 90) (size 1.35 2.65) (layers F.Cu F.Paste F.Mask) (roundrect_rratio 0.185185)
      (net 123 "Net-(R13-Pad1)"))
    (model ${KISYS3DMOD}/Resistor_SMD.3dshapes/R_2010_5025Metric.wrl
      (at (xyz 0 0 0))
      (scale (xyz 1 1 1))
      (rotate (xyz 0 0 0))
    )
  )

  (module Resistor_SMD:R_2010_5025Metric (layer F.Cu) (tedit 5B301BBD) (tstamp 5BEAF2CF)
    (at 57.38622 78.80096 90)
    (descr "Resistor SMD 2010 (5025 Metric), square (rectangular) end terminal, IPC_7351 nominal, (Body size source: http://www.tortai-tech.com/upload/download/2011102023233369053.pdf), generated with kicad-footprint-generator")
    (tags resistor)
    (path /5BED8A88)
    (attr smd)
    (fp_text reference R12 (at 4.03606 0.08636 180) (layer F.SilkS)
      (effects (font (size 1 1) (thickness 0.15)))
    )
    (fp_text value 22R (at 0 2.28 90) (layer F.Fab)
      (effects (font (size 1 1) (thickness 0.15)))
    )
    (fp_line (start -2.5 1.25) (end -2.5 -1.25) (layer F.Fab) (width 0.1))
    (fp_line (start -2.5 -1.25) (end 2.5 -1.25) (layer F.Fab) (width 0.1))
    (fp_line (start 2.5 -1.25) (end 2.5 1.25) (layer F.Fab) (width 0.1))
    (fp_line (start 2.5 1.25) (end -2.5 1.25) (layer F.Fab) (width 0.1))
    (fp_line (start -1.402064 -1.36) (end 1.402064 -1.36) (layer F.SilkS) (width 0.12))
    (fp_line (start -1.402064 1.36) (end 1.402064 1.36) (layer F.SilkS) (width 0.12))
    (fp_line (start -3.18 1.58) (end -3.18 -1.58) (layer F.CrtYd) (width 0.05))
    (fp_line (start -3.18 -1.58) (end 3.18 -1.58) (layer F.CrtYd) (width 0.05))
    (fp_line (start 3.18 -1.58) (end 3.18 1.58) (layer F.CrtYd) (width 0.05))
    (fp_line (start 3.18 1.58) (end -3.18 1.58) (layer F.CrtYd) (width 0.05))
    (fp_text user %R (at 0 0 90) (layer F.Fab)
      (effects (font (size 1 1) (thickness 0.15)))
    )
    (pad 1 smd roundrect (at -2.25 0 90) (size 1.35 2.65) (layers F.Cu F.Paste F.Mask) (roundrect_rratio 0.185185)
      (net 104 /ENET_RXD1))
    (pad 2 smd roundrect (at 2.25 0 90) (size 1.35 2.65) (layers F.Cu F.Paste F.Mask) (roundrect_rratio 0.185185)
      (net 119 /PA5))
    (model ${KISYS3DMOD}/Resistor_SMD.3dshapes/R_2010_5025Metric.wrl
      (at (xyz 0 0 0))
      (scale (xyz 1 1 1))
      (rotate (xyz 0 0 0))
    )
  )

  (module Resistor_SMD:R_2010_5025Metric (layer F.Cu) (tedit 5B301BBD) (tstamp 5BEB05B4)
    (at 68.17614 78.8924 90)
    (descr "Resistor SMD 2010 (5025 Metric), square (rectangular) end terminal, IPC_7351 nominal, (Body size source: http://www.tortai-tech.com/upload/download/2011102023233369053.pdf), generated with kicad-footprint-generator")
    (tags resistor)
    (path /5BED8BC0)
    (attr smd)
    (fp_text reference R10 (at 3.86588 -0.04064 180) (layer F.SilkS)
      (effects (font (size 1 1) (thickness 0.15)))
    )
    (fp_text value 22R (at 0 2.28 90) (layer F.Fab)
      (effects (font (size 1 1) (thickness 0.15)))
    )
    (fp_text user %R (at 0 0 90) (layer F.Fab)
      (effects (font (size 1 1) (thickness 0.15)))
    )
    (fp_line (start 3.18 1.58) (end -3.18 1.58) (layer F.CrtYd) (width 0.05))
    (fp_line (start 3.18 -1.58) (end 3.18 1.58) (layer F.CrtYd) (width 0.05))
    (fp_line (start -3.18 -1.58) (end 3.18 -1.58) (layer F.CrtYd) (width 0.05))
    (fp_line (start -3.18 1.58) (end -3.18 -1.58) (layer F.CrtYd) (width 0.05))
    (fp_line (start -1.402064 1.36) (end 1.402064 1.36) (layer F.SilkS) (width 0.12))
    (fp_line (start -1.402064 -1.36) (end 1.402064 -1.36) (layer F.SilkS) (width 0.12))
    (fp_line (start 2.5 1.25) (end -2.5 1.25) (layer F.Fab) (width 0.1))
    (fp_line (start 2.5 -1.25) (end 2.5 1.25) (layer F.Fab) (width 0.1))
    (fp_line (start -2.5 -1.25) (end 2.5 -1.25) (layer F.Fab) (width 0.1))
    (fp_line (start -2.5 1.25) (end -2.5 -1.25) (layer F.Fab) (width 0.1))
    (pad 2 smd roundrect (at 2.25 0 90) (size 1.35 2.65) (layers F.Cu F.Paste F.Mask) (roundrect_rratio 0.185185)
      (net 120 /PB13))
    (pad 1 smd roundrect (at -2.25 0 90) (size 1.35 2.65) (layers F.Cu F.Paste F.Mask) (roundrect_rratio 0.185185)
      (net 99 /ENET_TXD1))
    (model ${KISYS3DMOD}/Resistor_SMD.3dshapes/R_2010_5025Metric.wrl
      (at (xyz 0 0 0))
      (scale (xyz 1 1 1))
      (rotate (xyz 0 0 0))
    )
  )

  (module Resistor_SMD:R_2010_5025Metric (layer F.Cu) (tedit 5B301BBD) (tstamp 5BEAF29F)
    (at 74.803 78.8924 90)
    (descr "Resistor SMD 2010 (5025 Metric), square (rectangular) end terminal, IPC_7351 nominal, (Body size source: http://www.tortai-tech.com/upload/download/2011102023233369053.pdf), generated with kicad-footprint-generator")
    (tags resistor)
    (path /5BEB3A0B)
    (attr smd)
    (fp_text reference R8 (at 3.83032 -0.01778 180) (layer F.SilkS)
      (effects (font (size 1 1) (thickness 0.15)))
    )
    (fp_text value 22R (at 0 2.28 90) (layer F.Fab)
      (effects (font (size 1 1) (thickness 0.15)))
    )
    (fp_text user %R (at 0 0 90) (layer F.Fab)
      (effects (font (size 1 1) (thickness 0.15)))
    )
    (fp_line (start 3.18 1.58) (end -3.18 1.58) (layer F.CrtYd) (width 0.05))
    (fp_line (start 3.18 -1.58) (end 3.18 1.58) (layer F.CrtYd) (width 0.05))
    (fp_line (start -3.18 -1.58) (end 3.18 -1.58) (layer F.CrtYd) (width 0.05))
    (fp_line (start -3.18 1.58) (end -3.18 -1.58) (layer F.CrtYd) (width 0.05))
    (fp_line (start -1.402064 1.36) (end 1.402064 1.36) (layer F.SilkS) (width 0.12))
    (fp_line (start -1.402064 -1.36) (end 1.402064 -1.36) (layer F.SilkS) (width 0.12))
    (fp_line (start 2.5 1.25) (end -2.5 1.25) (layer F.Fab) (width 0.1))
    (fp_line (start 2.5 -1.25) (end 2.5 1.25) (layer F.Fab) (width 0.1))
    (fp_line (start -2.5 -1.25) (end 2.5 -1.25) (layer F.Fab) (width 0.1))
    (fp_line (start -2.5 1.25) (end -2.5 -1.25) (layer F.Fab) (width 0.1))
    (pad 2 smd roundrect (at 2.25 0 90) (size 1.35 2.65) (layers F.Cu F.Paste F.Mask) (roundrect_rratio 0.185185)
      (net 122 /PB11))
    (pad 1 smd roundrect (at -2.25 0 90) (size 1.35 2.65) (layers F.Cu F.Paste F.Mask) (roundrect_rratio 0.185185)
      (net 101 /ENET_TXEN))
    (model ${KISYS3DMOD}/Resistor_SMD.3dshapes/R_2010_5025Metric.wrl
      (at (xyz 0 0 0))
      (scale (xyz 1 1 1))
      (rotate (xyz 0 0 0))
    )
  )

  (module Resistor_SMD:R_2010_5025Metric (layer F.Cu) (tedit 5B301BBD) (tstamp 5BEAF28F)
    (at 52.1462 75.76312 180)
    (descr "Resistor SMD 2010 (5025 Metric), square (rectangular) end terminal, IPC_7351 nominal, (Body size source: http://www.tortai-tech.com/upload/download/2011102023233369053.pdf), generated with kicad-footprint-generator")
    (tags resistor)
    (path /5BEB3B6C)
    (attr smd)
    (fp_text reference R14 (at -0.20828 -2.46126) (layer F.SilkS)
      (effects (font (size 1 1) (thickness 0.15)))
    )
    (fp_text value 22R (at 0 2.28 180) (layer F.Fab)
      (effects (font (size 1 1) (thickness 0.15)))
    )
    (fp_line (start -2.5 1.25) (end -2.5 -1.25) (layer F.Fab) (width 0.1))
    (fp_line (start -2.5 -1.25) (end 2.5 -1.25) (layer F.Fab) (width 0.1))
    (fp_line (start 2.5 -1.25) (end 2.5 1.25) (layer F.Fab) (width 0.1))
    (fp_line (start 2.5 1.25) (end -2.5 1.25) (layer F.Fab) (width 0.1))
    (fp_line (start -1.402064 -1.36) (end 1.402064 -1.36) (layer F.SilkS) (width 0.12))
    (fp_line (start -1.402064 1.36) (end 1.402064 1.36) (layer F.SilkS) (width 0.12))
    (fp_line (start -3.18 1.58) (end -3.18 -1.58) (layer F.CrtYd) (width 0.05))
    (fp_line (start -3.18 -1.58) (end 3.18 -1.58) (layer F.CrtYd) (width 0.05))
    (fp_line (start 3.18 -1.58) (end 3.18 1.58) (layer F.CrtYd) (width 0.05))
    (fp_line (start 3.18 1.58) (end -3.18 1.58) (layer F.CrtYd) (width 0.05))
    (fp_text user %R (at 0 0 180) (layer F.Fab)
      (effects (font (size 1 1) (thickness 0.15)))
    )
    (pad 1 smd roundrect (at -2.25 0 180) (size 1.35 2.65) (layers F.Cu F.Paste F.Mask) (roundrect_rratio 0.185185)
      (net 105 /ENET_CLK))
    (pad 2 smd roundrect (at 2.25 0 180) (size 1.35 2.65) (layers F.Cu F.Paste F.Mask) (roundrect_rratio 0.185185)
      (net 117 /PA1))
    (model ${KISYS3DMOD}/Resistor_SMD.3dshapes/R_2010_5025Metric.wrl
      (at (xyz 0 0 0))
      (scale (xyz 1 1 1))
      (rotate (xyz 0 0 0))
    )
  )

  (module Capacitor_SMD:C_0805_2012Metric (layer F.Cu) (tedit 5B36C52B) (tstamp 5BEB29B8)
    (at 88.57996 84.19338 90)
    (descr "Capacitor SMD 0805 (2012 Metric), square (rectangular) end terminal, IPC_7351 nominal, (Body size source: https://docs.google.com/spreadsheets/d/1BsfQQcO9C6DZCsRaXUlFlo91Tg2WpOkGARC1WS5S8t0/edit?usp=sharing), generated with kicad-footprint-generator")
    (tags capacitor)
    (path /5BF414C7)
    (attr smd)
    (fp_text reference C19 (at -0.20066 -1.85166 270) (layer F.SilkS)
      (effects (font (size 1 1) (thickness 0.15)))
    )
    (fp_text value 0.1u (at 0 1.65 90) (layer F.Fab)
      (effects (font (size 1 1) (thickness 0.15)))
    )
    (fp_text user %R (at 0 0 90) (layer F.Fab)
      (effects (font (size 0.5 0.5) (thickness 0.08)))
    )
    (fp_line (start 1.68 0.95) (end -1.68 0.95) (layer F.CrtYd) (width 0.05))
    (fp_line (start 1.68 -0.95) (end 1.68 0.95) (layer F.CrtYd) (width 0.05))
    (fp_line (start -1.68 -0.95) (end 1.68 -0.95) (layer F.CrtYd) (width 0.05))
    (fp_line (start -1.68 0.95) (end -1.68 -0.95) (layer F.CrtYd) (width 0.05))
    (fp_line (start -0.258578 0.71) (end 0.258578 0.71) (layer F.SilkS) (width 0.12))
    (fp_line (start -0.258578 -0.71) (end 0.258578 -0.71) (layer F.SilkS) (width 0.12))
    (fp_line (start 1 0.6) (end -1 0.6) (layer F.Fab) (width 0.1))
    (fp_line (start 1 -0.6) (end 1 0.6) (layer F.Fab) (width 0.1))
    (fp_line (start -1 -0.6) (end 1 -0.6) (layer F.Fab) (width 0.1))
    (fp_line (start -1 0.6) (end -1 -0.6) (layer F.Fab) (width 0.1))
    (pad 2 smd roundrect (at 0.9375 0 90) (size 0.975 1.4) (layers F.Cu F.Paste F.Mask) (roundrect_rratio 0.25)
      (net 97 "Net-(C19-Pad2)"))
    (pad 1 smd roundrect (at -0.9375 0 90) (size 0.975 1.4) (layers F.Cu F.Paste F.Mask) (roundrect_rratio 0.25)
      (net 4 GND))
    (model ${KISYS3DMOD}/Capacitor_SMD.3dshapes/C_0805_2012Metric.wrl
      (at (xyz 0 0 0))
      (scale (xyz 1 1 1))
      (rotate (xyz 0 0 0))
    )
  )

  (module Capacitor_SMD:C_0805_2012Metric (layer F.Cu) (tedit 5B36C52B) (tstamp 5BEB29F7)
    (at 81.61528 80.29448)
    (descr "Capacitor SMD 0805 (2012 Metric), square (rectangular) end terminal, IPC_7351 nominal, (Body size source: https://docs.google.com/spreadsheets/d/1BsfQQcO9C6DZCsRaXUlFlo91Tg2WpOkGARC1WS5S8t0/edit?usp=sharing), generated with kicad-footprint-generator")
    (tags capacitor)
    (path /5BEDE29F)
    (attr smd)
    (fp_text reference C24 (at -0.17018 2.10312) (layer F.SilkS)
      (effects (font (size 1 1) (thickness 0.15)))
    )
    (fp_text value 4.7u (at 0 1.65) (layer F.Fab)
      (effects (font (size 1 1) (thickness 0.15)))
    )
    (fp_line (start -1 0.6) (end -1 -0.6) (layer F.Fab) (width 0.1))
    (fp_line (start -1 -0.6) (end 1 -0.6) (layer F.Fab) (width 0.1))
    (fp_line (start 1 -0.6) (end 1 0.6) (layer F.Fab) (width 0.1))
    (fp_line (start 1 0.6) (end -1 0.6) (layer F.Fab) (width 0.1))
    (fp_line (start -0.258578 -0.71) (end 0.258578 -0.71) (layer F.SilkS) (width 0.12))
    (fp_line (start -0.258578 0.71) (end 0.258578 0.71) (layer F.SilkS) (width 0.12))
    (fp_line (start -1.68 0.95) (end -1.68 -0.95) (layer F.CrtYd) (width 0.05))
    (fp_line (start -1.68 -0.95) (end 1.68 -0.95) (layer F.CrtYd) (width 0.05))
    (fp_line (start 1.68 -0.95) (end 1.68 0.95) (layer F.CrtYd) (width 0.05))
    (fp_line (start 1.68 0.95) (end -1.68 0.95) (layer F.CrtYd) (width 0.05))
    (fp_text user %R (at 0 0) (layer F.Fab)
      (effects (font (size 0.5 0.5) (thickness 0.08)))
    )
    (pad 1 smd roundrect (at -0.9375 0) (size 0.975 1.4) (layers F.Cu F.Paste F.Mask) (roundrect_rratio 0.25)
      (net 4 GND))
    (pad 2 smd roundrect (at 0.9375 0) (size 0.975 1.4) (layers F.Cu F.Paste F.Mask) (roundrect_rratio 0.25)
      (net 8 VCC))
    (model ${KISYS3DMOD}/Capacitor_SMD.3dshapes/C_0805_2012Metric.wrl
      (at (xyz 0 0 0))
      (scale (xyz 1 1 1))
      (rotate (xyz 0 0 0))
    )
  )

  (module Capacitor_SMD:C_0805_2012Metric (layer F.Cu) (tedit 5B36C52B) (tstamp 5BEB27AE)
    (at 91.7702 81.0768 180)
    (descr "Capacitor SMD 0805 (2012 Metric), square (rectangular) end terminal, IPC_7351 nominal, (Body size source: https://docs.google.com/spreadsheets/d/1BsfQQcO9C6DZCsRaXUlFlo91Tg2WpOkGARC1WS5S8t0/edit?usp=sharing), generated with kicad-footprint-generator")
    (tags capacitor)
    (path /5BEDE221)
    (attr smd)
    (fp_text reference C23 (at 0.12192 1.77038 180) (layer F.SilkS)
      (effects (font (size 1 1) (thickness 0.15)))
    )
    (fp_text value 0.1u (at 0 1.65 180) (layer F.Fab)
      (effects (font (size 1 1) (thickness 0.15)))
    )
    (fp_text user %R (at 0 0 180) (layer F.Fab)
      (effects (font (size 0.5 0.5) (thickness 0.08)))
    )
    (fp_line (start 1.68 0.95) (end -1.68 0.95) (layer F.CrtYd) (width 0.05))
    (fp_line (start 1.68 -0.95) (end 1.68 0.95) (layer F.CrtYd) (width 0.05))
    (fp_line (start -1.68 -0.95) (end 1.68 -0.95) (layer F.CrtYd) (width 0.05))
    (fp_line (start -1.68 0.95) (end -1.68 -0.95) (layer F.CrtYd) (width 0.05))
    (fp_line (start -0.258578 0.71) (end 0.258578 0.71) (layer F.SilkS) (width 0.12))
    (fp_line (start -0.258578 -0.71) (end 0.258578 -0.71) (layer F.SilkS) (width 0.12))
    (fp_line (start 1 0.6) (end -1 0.6) (layer F.Fab) (width 0.1))
    (fp_line (start 1 -0.6) (end 1 0.6) (layer F.Fab) (width 0.1))
    (fp_line (start -1 -0.6) (end 1 -0.6) (layer F.Fab) (width 0.1))
    (fp_line (start -1 0.6) (end -1 -0.6) (layer F.Fab) (width 0.1))
    (pad 2 smd roundrect (at 0.9375 0 180) (size 0.975 1.4) (layers F.Cu F.Paste F.Mask) (roundrect_rratio 0.25)
      (net 8 VCC))
    (pad 1 smd roundrect (at -0.9375 0 180) (size 0.975 1.4) (layers F.Cu F.Paste F.Mask) (roundrect_rratio 0.25)
      (net 4 GND))
    (model ${KISYS3DMOD}/Capacitor_SMD.3dshapes/C_0805_2012Metric.wrl
      (at (xyz 0 0 0))
      (scale (xyz 1 1 1))
      (rotate (xyz 0 0 0))
    )
  )

  (module Capacitor_SMD:C_0805_2012Metric (layer F.Cu) (tedit 5B36C52B) (tstamp 5BEB2871)
    (at 81.60004 78.0923)
    (descr "Capacitor SMD 0805 (2012 Metric), square (rectangular) end terminal, IPC_7351 nominal, (Body size source: https://docs.google.com/spreadsheets/d/1BsfQQcO9C6DZCsRaXUlFlo91Tg2WpOkGARC1WS5S8t0/edit?usp=sharing), generated with kicad-footprint-generator")
    (tags capacitor)
    (path /5BEDE0D8)
    (attr smd)
    (fp_text reference C22 (at 0.01016 -1.89738) (layer F.SilkS)
      (effects (font (size 1 1) (thickness 0.15)))
    )
    (fp_text value 0.1u (at 0 1.65) (layer F.Fab)
      (effects (font (size 1 1) (thickness 0.15)))
    )
    (fp_line (start -1 0.6) (end -1 -0.6) (layer F.Fab) (width 0.1))
    (fp_line (start -1 -0.6) (end 1 -0.6) (layer F.Fab) (width 0.1))
    (fp_line (start 1 -0.6) (end 1 0.6) (layer F.Fab) (width 0.1))
    (fp_line (start 1 0.6) (end -1 0.6) (layer F.Fab) (width 0.1))
    (fp_line (start -0.258578 -0.71) (end 0.258578 -0.71) (layer F.SilkS) (width 0.12))
    (fp_line (start -0.258578 0.71) (end 0.258578 0.71) (layer F.SilkS) (width 0.12))
    (fp_line (start -1.68 0.95) (end -1.68 -0.95) (layer F.CrtYd) (width 0.05))
    (fp_line (start -1.68 -0.95) (end 1.68 -0.95) (layer F.CrtYd) (width 0.05))
    (fp_line (start 1.68 -0.95) (end 1.68 0.95) (layer F.CrtYd) (width 0.05))
    (fp_line (start 1.68 0.95) (end -1.68 0.95) (layer F.CrtYd) (width 0.05))
    (fp_text user %R (at 0 0) (layer F.Fab)
      (effects (font (size 0.5 0.5) (thickness 0.08)))
    )
    (pad 1 smd roundrect (at -0.9375 0) (size 0.975 1.4) (layers F.Cu F.Paste F.Mask) (roundrect_rratio 0.25)
      (net 4 GND))
    (pad 2 smd roundrect (at 0.9375 0) (size 0.975 1.4) (layers F.Cu F.Paste F.Mask) (roundrect_rratio 0.25)
      (net 8 VCC))
    (model ${KISYS3DMOD}/Capacitor_SMD.3dshapes/C_0805_2012Metric.wrl
      (at (xyz 0 0 0))
      (scale (xyz 1 1 1))
      (rotate (xyz 0 0 0))
    )
  )

  (module Capacitor_SMD:C_0805_2012Metric (layer F.Cu) (tedit 5B36C52B) (tstamp 5BEB28A1)
    (at 91.76512 83.09356 180)
    (descr "Capacitor SMD 0805 (2012 Metric), square (rectangular) end terminal, IPC_7351 nominal, (Body size source: https://docs.google.com/spreadsheets/d/1BsfQQcO9C6DZCsRaXUlFlo91Tg2WpOkGARC1WS5S8t0/edit?usp=sharing), generated with kicad-footprint-generator")
    (tags capacitor)
    (path /5BED5349)
    (attr smd)
    (fp_text reference C21 (at -3.16484 0.97028) (layer F.SilkS)
      (effects (font (size 1 1) (thickness 0.15)))
    )
    (fp_text value 4.7u (at 0 1.65 180) (layer F.Fab)
      (effects (font (size 1 1) (thickness 0.15)))
    )
    (fp_text user %R (at 0 0 180) (layer F.Fab)
      (effects (font (size 0.5 0.5) (thickness 0.08)))
    )
    (fp_line (start 1.68 0.95) (end -1.68 0.95) (layer F.CrtYd) (width 0.05))
    (fp_line (start 1.68 -0.95) (end 1.68 0.95) (layer F.CrtYd) (width 0.05))
    (fp_line (start -1.68 -0.95) (end 1.68 -0.95) (layer F.CrtYd) (width 0.05))
    (fp_line (start -1.68 0.95) (end -1.68 -0.95) (layer F.CrtYd) (width 0.05))
    (fp_line (start -0.258578 0.71) (end 0.258578 0.71) (layer F.SilkS) (width 0.12))
    (fp_line (start -0.258578 -0.71) (end 0.258578 -0.71) (layer F.SilkS) (width 0.12))
    (fp_line (start 1 0.6) (end -1 0.6) (layer F.Fab) (width 0.1))
    (fp_line (start 1 -0.6) (end 1 0.6) (layer F.Fab) (width 0.1))
    (fp_line (start -1 -0.6) (end 1 -0.6) (layer F.Fab) (width 0.1))
    (fp_line (start -1 0.6) (end -1 -0.6) (layer F.Fab) (width 0.1))
    (pad 2 smd roundrect (at 0.9375 0 180) (size 0.975 1.4) (layers F.Cu F.Paste F.Mask) (roundrect_rratio 0.25)
      (net 106 "Net-(C20-Pad2)"))
    (pad 1 smd roundrect (at -0.9375 0 180) (size 0.975 1.4) (layers F.Cu F.Paste F.Mask) (roundrect_rratio 0.25)
      (net 4 GND))
    (model ${KISYS3DMOD}/Capacitor_SMD.3dshapes/C_0805_2012Metric.wrl
      (at (xyz 0 0 0))
      (scale (xyz 1 1 1))
      (rotate (xyz 0 0 0))
    )
  )

  (module Capacitor_SMD:C_0805_2012Metric (layer F.Cu) (tedit 5B36C52B) (tstamp 5BEB2745)
    (at 91.73972 85.09508 180)
    (descr "Capacitor SMD 0805 (2012 Metric), square (rectangular) end terminal, IPC_7351 nominal, (Body size source: https://docs.google.com/spreadsheets/d/1BsfQQcO9C6DZCsRaXUlFlo91Tg2WpOkGARC1WS5S8t0/edit?usp=sharing), generated with kicad-footprint-generator")
    (tags capacitor)
    (path /5BED50EC)
    (attr smd)
    (fp_text reference C20 (at -2.44856 0.74422 270) (layer F.SilkS)
      (effects (font (size 1 1) (thickness 0.15)))
    )
    (fp_text value 2.2u (at 0 1.65 180) (layer F.Fab)
      (effects (font (size 1 1) (thickness 0.15)))
    )
    (fp_line (start -1 0.6) (end -1 -0.6) (layer F.Fab) (width 0.1))
    (fp_line (start -1 -0.6) (end 1 -0.6) (layer F.Fab) (width 0.1))
    (fp_line (start 1 -0.6) (end 1 0.6) (layer F.Fab) (width 0.1))
    (fp_line (start 1 0.6) (end -1 0.6) (layer F.Fab) (width 0.1))
    (fp_line (start -0.258578 -0.71) (end 0.258578 -0.71) (layer F.SilkS) (width 0.12))
    (fp_line (start -0.258578 0.71) (end 0.258578 0.71) (layer F.SilkS) (width 0.12))
    (fp_line (start -1.68 0.95) (end -1.68 -0.95) (layer F.CrtYd) (width 0.05))
    (fp_line (start -1.68 -0.95) (end 1.68 -0.95) (layer F.CrtYd) (width 0.05))
    (fp_line (start 1.68 -0.95) (end 1.68 0.95) (layer F.CrtYd) (width 0.05))
    (fp_line (start 1.68 0.95) (end -1.68 0.95) (layer F.CrtYd) (width 0.05))
    (fp_text user %R (at 0 0 180) (layer F.Fab)
      (effects (font (size 0.5 0.5) (thickness 0.08)))
    )
    (pad 1 smd roundrect (at -0.9375 0 180) (size 0.975 1.4) (layers F.Cu F.Paste F.Mask) (roundrect_rratio 0.25)
      (net 4 GND))
    (pad 2 smd roundrect (at 0.9375 0 180) (size 0.975 1.4) (layers F.Cu F.Paste F.Mask) (roundrect_rratio 0.25)
      (net 106 "Net-(C20-Pad2)"))
    (model ${KISYS3DMOD}/Capacitor_SMD.3dshapes/C_0805_2012Metric.wrl
      (at (xyz 0 0 0))
      (scale (xyz 1 1 1))
      (rotate (xyz 0 0 0))
    )
  )

  (module Connector_PinHeader_2.54mm:PinHeader_2x04_P2.54mm_Vertical (layer F.Cu) (tedit 59FED5CC) (tstamp 5BEAEDB2)
    (at 96.5454 71.501)
    (descr "Through hole straight pin header, 2x04, 2.54mm pitch, double rows")
    (tags "Through hole pin header THT 2x04 2.54mm double row")
    (path /5BFC6611)
    (fp_text reference J9 (at 1.27 -2.33) (layer F.SilkS)
      (effects (font (size 1 1) (thickness 0.15)))
    )
    (fp_text value Conn_02x04_Odd_Even (at 1.27 9.95) (layer F.Fab)
      (effects (font (size 1 1) (thickness 0.15)))
    )
    (fp_line (start 0 -1.27) (end 3.81 -1.27) (layer F.Fab) (width 0.1))
    (fp_line (start 3.81 -1.27) (end 3.81 8.89) (layer F.Fab) (width 0.1))
    (fp_line (start 3.81 8.89) (end -1.27 8.89) (layer F.Fab) (width 0.1))
    (fp_line (start -1.27 8.89) (end -1.27 0) (layer F.Fab) (width 0.1))
    (fp_line (start -1.27 0) (end 0 -1.27) (layer F.Fab) (width 0.1))
    (fp_line (start -1.33 8.95) (end 3.87 8.95) (layer F.SilkS) (width 0.12))
    (fp_line (start -1.33 1.27) (end -1.33 8.95) (layer F.SilkS) (width 0.12))
    (fp_line (start 3.87 -1.33) (end 3.87 8.95) (layer F.SilkS) (width 0.12))
    (fp_line (start -1.33 1.27) (end 1.27 1.27) (layer F.SilkS) (width 0.12))
    (fp_line (start 1.27 1.27) (end 1.27 -1.33) (layer F.SilkS) (width 0.12))
    (fp_line (start 1.27 -1.33) (end 3.87 -1.33) (layer F.SilkS) (width 0.12))
    (fp_line (start -1.33 0) (end -1.33 -1.33) (layer F.SilkS) (width 0.12))
    (fp_line (start -1.33 -1.33) (end 0 -1.33) (layer F.SilkS) (width 0.12))
    (fp_line (start -1.8 -1.8) (end -1.8 9.4) (layer F.CrtYd) (width 0.05))
    (fp_line (start -1.8 9.4) (end 4.35 9.4) (layer F.CrtYd) (width 0.05))
    (fp_line (start 4.35 9.4) (end 4.35 -1.8) (layer F.CrtYd) (width 0.05))
    (fp_line (start 4.35 -1.8) (end -1.8 -1.8) (layer F.CrtYd) (width 0.05))
    (fp_text user %R (at 1.27 3.81 90) (layer F.Fab)
      (effects (font (size 1 1) (thickness 0.15)))
    )
    (pad 1 thru_hole rect (at 0 0) (size 1.7 1.7) (drill 1) (layers *.Cu *.Mask)
      (net 110 /ETH_TX+))
    (pad 2 thru_hole oval (at 2.54 0) (size 1.7 1.7) (drill 1) (layers *.Cu *.Mask)
      (net 8 VCC))
    (pad 3 thru_hole oval (at 0 2.54) (size 1.7 1.7) (drill 1) (layers *.Cu *.Mask)
      (net 109 /ETH_TX-))
    (pad 4 thru_hole oval (at 2.54 2.54) (size 1.7 1.7) (drill 1) (layers *.Cu *.Mask)
      (net 4 GND))
    (pad 5 thru_hole oval (at 0 5.08) (size 1.7 1.7) (drill 1) (layers *.Cu *.Mask)
      (net 108 /ETH_RX+))
    (pad 6 thru_hole oval (at 2.54 5.08) (size 1.7 1.7) (drill 1) (layers *.Cu *.Mask)
      (net 4 GND))
    (pad 7 thru_hole oval (at 0 7.62) (size 1.7 1.7) (drill 1) (layers *.Cu *.Mask)
      (net 107 /ETH_RX-))
    (pad 8 thru_hole oval (at 2.54 7.62) (size 1.7 1.7) (drill 1) (layers *.Cu *.Mask)
      (net 115 /ETH_LED))
    (model ${KISYS3DMOD}/Connector_PinHeader_2.54mm.3dshapes/PinHeader_2x04_P2.54mm_Vertical.wrl
      (at (xyz 0 0 0))
      (scale (xyz 1 1 1))
      (rotate (xyz 0 0 0))
    )
  )

  (module Package_DFN_QFN:QFN-24-1EP_4x4mm_P0.5mm_EP2.6x2.6mm (layer F.Cu) (tedit 5B4D10EE) (tstamp 5BEB27FF)
    (at 86.52764 79.7433 180)
    (descr "QFN, 24 Pin (http://ww1.microchip.com/downloads/en/PackagingSpec/00000049BQ.pdf (Page 278)), generated with kicad-footprint-generator ipc_dfn_qfn_generator.py")
    (tags "QFN DFN_QFN")
    (path /5BEA412A)
    (attr smd)
    (fp_text reference U4 (at -4.12242 2.42824 180) (layer F.SilkS)
      (effects (font (size 1 1) (thickness 0.15)))
    )
    (fp_text value KSZ8081RNA (at 0 3.3 180) (layer F.Fab)
      (effects (font (size 1 1) (thickness 0.15)))
    )
    (fp_line (start 1.635 -2.11) (end 2.11 -2.11) (layer F.SilkS) (width 0.12))
    (fp_line (start 2.11 -2.11) (end 2.11 -1.635) (layer F.SilkS) (width 0.12))
    (fp_line (start -1.635 2.11) (end -2.11 2.11) (layer F.SilkS) (width 0.12))
    (fp_line (start -2.11 2.11) (end -2.11 1.635) (layer F.SilkS) (width 0.12))
    (fp_line (start 1.635 2.11) (end 2.11 2.11) (layer F.SilkS) (width 0.12))
    (fp_line (start 2.11 2.11) (end 2.11 1.635) (layer F.SilkS) (width 0.12))
    (fp_line (start -1.635 -2.11) (end -2.11 -2.11) (layer F.SilkS) (width 0.12))
    (fp_line (start -1 -2) (end 2 -2) (layer F.Fab) (width 0.1))
    (fp_line (start 2 -2) (end 2 2) (layer F.Fab) (width 0.1))
    (fp_line (start 2 2) (end -2 2) (layer F.Fab) (width 0.1))
    (fp_line (start -2 2) (end -2 -1) (layer F.Fab) (width 0.1))
    (fp_line (start -2 -1) (end -1 -2) (layer F.Fab) (width 0.1))
    (fp_line (start -2.6 -2.6) (end -2.6 2.6) (layer F.CrtYd) (width 0.05))
    (fp_line (start -2.6 2.6) (end 2.6 2.6) (layer F.CrtYd) (width 0.05))
    (fp_line (start 2.6 2.6) (end 2.6 -2.6) (layer F.CrtYd) (width 0.05))
    (fp_line (start 2.6 -2.6) (end -2.6 -2.6) (layer F.CrtYd) (width 0.05))
    (fp_text user %R (at 0 0 180) (layer F.Fab)
      (effects (font (size 1 1) (thickness 0.15)))
    )
